110 10100 1010
110 10011 1010  
110 10101 1010  
110 10010 100 100 1010  
101 1100 1010  
101 1101 1010  
101 1110 1010  
101 1111 1010  
110 10000 1010  
110 10000 1010  
110 10001 1010  
110 10000 1010  
110 10001 1010  
110 10000 1010  
110 10000 1010  
110 10000 1010  
110 10000 1010  
110 10000 1010  
110 10000 1010  
101 1111 1010  
110 10000 01 00 1010  
110 10011 1010  
110 10011 1010  
110 10011 1010  
110 10011 1010  
110 10111 100 011 01 10 1010  
110 10100 1011 1000 01 00 1111111000 10 1010  
101 1111 1010  
101 1111 1010  
101 1111 1010  
110 10000 1010  
101 1101 01 10 100 101 11011 00 111110111 01 1010  
110 10100 1010  
110 10100 1010  
110 10100 1010  
110 10010 01 11 1010  
101 1100 1010  
101 1101 1010  
101 1101 1010  
101 1111 1010  
110 10000 1010  
110 10000 1010  
110 10000 1010  
110 10000 1010  
110 10000 1010  
110 10000 1010  
110 10000 1010  
110 10000 1010  
110 10000 1010  
110 10000 1010  
110 10000 1010  
101 1111 1010  
101 1110 01 01 1010  
110 10011 1010  
110 10100 1010  
110 10100 1010  
110 10011 1010  
110 10011 1010  
110 11010 111110111 10 01 01 1010  
101 1111 01 10 01 01 11011 00 01 10 1010  
101 1111 1010  
110 10000 1010  
101 1011 100 100 100 100 1111111000 01 01 01 1010  
100 110 1010  
110 10100 1010  
110 10100 1010  
110 10100 1010  
110 10010 01 11 1010  
101 1100 1010  
101 1101 1010  
101 1101 1010  
101 1111 1010  
110 10000 1010  
110 10000 1010  
110 10000 1010  
110 10000 1010  
110 10000 1010  
110 10000 1010  
110 10000 11011 01 01 10 1010  
110 10000 1010  
110 10000 1010  
110 10000 1010  
110 10000 1010  
101 1111 1010  
101 1110 1010  
110 10010 1010  
110 10100 1010  
110 10011 1010  
110 10011 1010  
110 10010 1010  
110 10110 100 010 01 10 1010  
110 10111 100 111 01 00 11011 10 01 01 1010  
101 1110 1010  
101 1011 100 100 100 100 11111110111 01 1010  
100 110 1010  
100 110 1010  
110 10100 1010  
110 10001 11011 10 11111001 10 1010  
110 10100 1010  
110 10010 01 11 1010  
101 1011 1010  
101 1101 1010  
101 1110 1010  
101 1111 1010  
110 10000 1010  
110 10000 1010  
110 10000 1010  
110 10000 1010  
110 10010 1010  
110 10100 1010  
110 10110 1010  
110 10110 1010  
110 10011 01 10 100 010 11111110111 01 1010  
110 10000 1010  
101 1111 1010  
101 1110 1010  
101 1110 1010  
110 10010 1010  
110 10011 1010  
110 10011 1010  
110 10010 1010  
110 10010 1010  
110 10010 1010  
110 11010 01 00 11111001 10 01 01 1010  
101 1110 1011 1010 1111110111 011 01 11 11011 01 01 01 1010  
100 110 1010  
100 110 1010  
100 110 1010  
110 10011 01 11 01 10 1010  
101 1101 01 00 111110111 11 1010  
110 10100 1010  
110 10010 100 100 1010  
101 1011 1010  
101 1100 1010  
101 1101 1010  
101 1110 1010  
101 1111 1010  
110 10000 1010  
101 1110 1010  
110 10000 1010  
110 10001 1010  
110 10010 1010  
110 10110 1010  
110 10111 1010  
110 11000 1010  
110 10111 01 10 100 011 11011 11 1010  
110 10000 01 11 01 00 01 10 100 011 111110111 10 1010  
101 1110 1010  
101 1110 1010  
110 10011 1010  
110 10001 1010  
110 10010 1010  
110 10010 1010  
110 10010 1010  
110 10010 1010  
110 10010 01 10 100 101 1111001 001 01 01 1010  
100 111 01 10 01 10 11011 11 01 10 11011 10 01 10 1010  
100 110 1010  
100 110 1010  
100 111 11011 01 11011 10 01 10 11011 01 1010  
101 1110 100 100 01 10 1010  
101 1101 100 011 111110111 10 1010  
110 10100 1010  
110 10010 100 100 1010  
101 1011 1010  
101 1100 1010  
101 1101 1010  
101 1110 1010  
101 1111 1010  
101 1110 1010  
101 1111 1010  
101 1111 1010  
110 10001 1010  
110 10010 1010  
110 10101 01 01 1010  
110 10111 1010  
110 11001 1010  
110 11010 1010  
110 11010 01 10 01 01 11011 11 01 00 11011 01 1010  
101 1101 01 10 11111001 00 01 10 11011 01 01 10 1010  
101 1101 01 01 1010  
110 10011 1010  
110 10001 01 11 111110111 01 1010  
101 1100 100 010 01 11 1010  
110 10010 1010  
110 10010 1010  
110 10010 1010  
100 111 01 11 01 10 11011 11 01 10 1010  
100 110 1010  
100 110 1010  
101 1000 01 01 01 01 1010  
110 10000 100 011 01 00 11011 00 1010  
101 1011 1010  
101 1101 01 00 111110111 10 1010  
110 10100 1010  
110 10010 100 100 1010  
101 1011 1010  
101 1100 1010  
101 1101 1010  
101 1110 1010  
101 1111 01 10 1010  
101 1110 1010  
101 1111 1010  
110 10000 1010  
110 10001 1010  
110 10001 1010  
110 10110 01 01 01 01 11111110111 10 1010  
110 11000 1010  
110 11001 1010  
110 11001 1010  
110 11010 1010  
110 11001 01 11 01 00 01 01 100 100 01 01 1010  
101 1100 111110111 00 01 11 11011 01 01 10 1010  
110 10011 1010  
110 10001 01 11 111110111 01 1010  
100 111 1111111000 10 1010  
101 1111 100 011 01 11 11011 10 1010  
110 10010 1010  
101 1011 100 111 01 11 1111111000 01 1010  
100 110 1010  
100 110 1010  
100 111 1010  
101 1111 100 011 01 00 11011 01 1010  
110 10100 1010  
101 1011 1010  
101 1101 01 00 111110111 10 1010  
110 10100 1010  
110 10010 100 100 1010  
101 1010 1010  
101 1100 1010  
101 1101 1010  
101 1111 01 00 11111001 10 01 11 1010  
101 1111 100 101 111111110101 100 1010  
101 1110 1010  
101 1111 1010  
110 10000 1010  
110 10000 111110111 10 1010  
110 10101 01 01 11111001 01 1010  
110 10110 1010  
110 11000 1010  
110 11000 1010  
110 11001 1010  
110 11001 1010  
110 11010 1010  
110 10100 1011 1001 01 00 1111111110010110 100 1010  
110 10010 1010  
110 10001 01 11 111110111 01 1010  
101 1000 01 00 100 011 01 10 100 101 01 11 11111001 01 1010  
110 10110 100 001 100 010 01 01 100 011 111110111 01 1111111110111110 10 1010  
110 11011 1010  
100 111 01 11 01 01 11011 01 100 100 01 10 01 01 1010  
100 111 1010  
100 110 1010  
101 1100 100 001 01 00 1111111000 10 1010  
110 10011 1010  
110 10100 1010  
101 1100 1010  
101 1110 01 01 111110111 10 1010  
110 10100 1010  
110 10010 100 100 1010  
101 1011 1010  
101 1101 1010  
101 1101 1010  
110 10001 100 001 111110111 11 1010  
101 1110 01 10 111110111 10 1010  
101 1110 1010  
101 1111 1010  
110 10000 1010  
110 10011 1010  
110 10101 1010  
110 10110 1010  
110 10110 1010  
110 10111 1010  
110 11000 1010  
110 11000 1010  
110 11001 1010  
110 11001 1010  
110 10100 01 10 01 01 11011 01 1010  
110 10100 1111001 010 11011 10 111110111 10 1010  
110 11000 01 01 01 01 11011 01 1010  
110 11010 1010  
110 11011 1010  
101 1000 100 100 11111001 10 100 101 01 11 01 10 1010  
100 110 1010  
101 1000 01 00 01 00 11011 11 01 10 1010  
110 10011 1010  
110 10100 1010  
110 10011 1010  
101 1100 1010  
101 1110 01 01 1010  
110 10101 1010  
110 10011 100 100 1010  
101 1011 1010  
101 1100 1010  
101 1101 1010  
110 10010 100 000 1111111000 11 1010  
110 10000 01 10 01 01 1010  
101 1101 1010  
101 1111 1010  
110 10001 1010  
110 10010 1010  
110 10100 1010  
110 10101 1010  
110 10101 1010  
110 10101 1010  
110 10110 1010  
110 10111 1010  
110 10110 1010  
110 10110 1010  
110 11000 1010  
110 11001 1010  
110 11001 1010  
110 11000 01 10 01 10 1010  
110 10111 01 10 100 100 11011 01 100 011 01 10 01 10 1010  
100 110 1010  
100 110 1010  
101 1111 100 010 01 01 11011 01 01 01 1010  
110 10100 1010  
110 10100 1010  
110 10011 1010  
101 1100 1010  
101 1110 01 00 1010  
110 10101 1010  
110 10011 100 100 111110111 01 1010  
101 1011 1010  
101 1100 1010  
101 1100 1010  
110 10011 1011 0111 111110111 00 01 10 1010  
110 10011 01 10 1010  
101 1110 1111111000 10 1010  
110 10000 1010  
110 10001 1010  
110 10001 1010  
110 10010 1010  
110 10010 11011 11 1010  
110 10011 11011 10 1010  
110 10100 1010  
110 10100 11011 10 1010  
110 10100 1010  
110 10110 1010  
110 11000 1010  
110 11000 1010  
110 11001 1010  
110 11001 1010  
110 10010 01 10 100 100 1010  
101 1111 1011 1010 01 10 11011 01 100 011 01 01 01 00 1010  
100 110 1010  
101 1010 100 001 01 01 11011 10 01 10 1010  
110 10011 1010  
110 10100 1010  
110 10100 1010  
110 10011 1010  
101 1100 1010  
101 1110 01 00 1010  
110 10101 1010  
110 10011 100 100 111110111 01 1010  
101 1011 1010  
101 1100 1010  
101 1100 1010  
110 10010 1011 0110 1111111000 10 01 01 1010  
110 10100 100 100 111110111 10 1010  
101 1111 1010  
110 10000 1010  
110 10000 1010  
110 10001 1010  
101 1111 01 10 01 10 1010  
101 1011 01 10 01 10 1010  
101 1101 01 10 01 11 1010  
101 1011 1010  
101 1001 100 011 01 01 01 10 100 100 1010  
110 10100 100 011 01 00 11011 01 01 01 1010  
110 11000 1010  
110 11000 1010  
110 11001 1010  
110 10101 01 11 100 110 11011 01 111110111 01 1010  
101 1111 11011 10 100 100 100 100 1010  
110 10001 11111001 01 100 000 01 01 11011 10 01 10 1010  
101 1000 01 11 01 10 11011 11 01 11 11011 11 01 10 1010  
100 110 1010  
101 1111 100 010 01 01 11011 01 01 00 1010  
110 10100 1010  
110 10100 1010  
110 10011 1010  
110 10011 1010  
101 1101 1010  
101 1110 01 01 1010  
110 10101 1010  
110 10011 100 100 1010  
101 1010 1010  
101 1100 1010  
101 1100 1010  
101 1111 100 011 01 10 11011 00 100 100 1010  
110 10111 01 11 1010  
110 10000 1010  
101 1111 1010  
110 10000 1010  
101 1100 11011 11 1010  
101 1001 1010  
101 1000 01 01 11111110111 10 1010  
101 1001 1010  
101 1011 01 01 01 00 11111001 10 11111001 10 1010  
110 10101 01 00 01 00 11011 01 1010  
110 10111 1010  
110 10111 1010  
110 10111 1010  
101 1110 01 10 01 11 01 10 01 11 111110111 10 1010  
110 10001 01 00 1010  
110 10011 100 100 100 100 01 01 100 010 111110111 10 1010  
101 1000 01 11 01 10 01 10 100 100 01 10 11011 10 01 10 1010  
100 110 1010  
101 1001 100 011 01 01 11011 10 01 10 1010  
110 10011 01 01 1010  
110 10100 1010  
110 10100 1010  
110 10100 1010  
110 10011 1010  
101 1101 1010  
101 1101 01 01 111110111 10 1010  
110 10101 1010  
110 10011 100 100 1010  
101 1010 1010  
101 1100 1010  
101 1101 1010  
101 1101 1010  
110 10110 1111111110010111 0111 1010  
101 1111 1010  
101 1111 1010  
101 1011 01 11 01 11 1010  
101 1000 01 01 01 10 1010  
101 1000 1010  
101 1000 01 11 11111001 01 1010  
101 1010 100 011 01 01 01 10 01 10 1010  
110 10010 100 011 01 00 1010  
110 10110 1010  
110 10110 1010  
110 10111 1010  
110 11001 1010  
101 1101 100 111 11111001 00 01 11 1010  
101 1111 100 010 1010  
100 111 01 10 111110111 10 1010  
100 111 1010  
100 110 1010  
101 1101 100 010 01 01 11111001 01 1010  
110 10011 01 01 1010  
110 10100 1010  
110 10100 1010  
110 10100 1010  
110 10011 1010  
101 1101 1010  
101 1101 01 01 111110111 10 1010  
110 10101 1010  
110 10011 01 11 1010  
101 1011 1010  
101 1101 1010  
101 1101 1010  
101 1110 1010  
110 10001 11011 10 1111110111 010 11011 01 1010  
101 1111 1010  
101 1010 01 11 01 10 11011 10 01 10 1010  
100 111 1010  
100 111 1010  
101 1000 01 01 1010  
101 1001 01 01 01 01 1111001 100 11011 01 1010  
110 10100 01 00 01 01 1010  
110 10101 1111111000 10 1010  
110 10101 1010  
110 10110 1010  
110 11001 1010  
110 11010 1010  
110 10001 1011 1010 01 01 1010  
101 1011 1011 0110 111110111 11 1010  
100 111 1111111000 10 1010  
100 111 1010  
100 111 1010  
110 10010 01 01 1010  
110 10100 1010  
110 10011 1010  
110 10011 1010  
110 10011 1010  
110 10011 1010  
101 1101 1010  
101 1101 01 01 111110111 10 1010  
110 10101 01 01 1010  
110 10100 100 100 1010  
101 1011 1010  
101 1101 1010  
101 1101 1010  
110 10000 01 01 1010  
101 1101 11111001 11 1111001 101 0000111111110110 01 1010  
101 1101 01 11 01 10 1111111000 01 01 01 1010  
101 1001 1111111000 10 1010  
100 111 01 01 1010  
100 111 1111111000 10 1010  
101 1000 0000111111110110 01 1010  
110 10010 100 010 100 011 1010  
110 10110 1010  
110 10010 01 11 01 11 11011 10 1111111000 10 11011 01 1010  
110 10000 11011 11 01 10 01 01 1010  
110 10100 01 01 01 11 11011 10 1010  
110 10111 1010  
110 10111 01 10 100 100 11011 00 1010  
101 1111 100 110 100 100 1111001 100 1010  
101 1001 100 001 111111110101 101 01 01 1010  
101 1010 100 100 111111110101 100 01 10 1010  
100 111 1010  
101 1010 100 001 111110111 10 1010  
110 10011 01 01 1010  
110 10100 1010  
110 10100 1010  
110 10011 1010  
110 10011 1010  
110 10010 1010  
101 1100 1010  
101 1100 01 01 111110111 11 1010  
110 10101 01 01 1010  
110 10100 100 100 1010  
101 1011 1010  
101 1100 1010  
101 1101 01 00 11011 01 1111001 100 11111001 10 1010  
110 10010 01 10 11111001 01 11111001 10 1010  
101 1010 100 100 01 11 11011 11 1111111000 10 11111001 01 1010  
101 1001 111111110111 01 1010  
101 1001 100 100 1111111000 01 1010  
100 111 1111111000 01 1010  
100 111 1010  
101 1101 1011 0111 01 00 1010  
110 10111 1010  
101 1100 100 111 01 11 01 10 01 10 111111110111 01 1010  
101 1001 11011 01 11111001 10 1010  
101 1110 100 100 100 001 1111001 011 01 10 11111001 01 1010  
110 10000 01 01 1010  
110 10111 111110111 01 100 011 11011 10 1010  
101 1011 01 10 11011 11 01 11 01 11 11111001 10 1010  
101 1001 100 100 01 01 11011 00 01 11 1010  
101 1000 100 011 111111110101 100 1010  
101 1011 100 110 111111110101 100 1010  
100 110 1010  
101 1110 100 001 01 01 11111001 00 1010  
110 10011 1010  
110 10011 1010  
110 10011 1010  
110 10011 1010  
110 10010 1010  
110 10001 1010  
101 1100 1010  
101 1011 01 01 111110111 11 1010  
110 10101 01 01 1010  
110 10100 100 100 1010  
101 1100 1010  
101 1110 111110111 10 1010  
101 1110 11111001 01 100 011 111110111 01 1010  
101 1010 01 11 100 100 01 10 100 100 01 10 1010  
101 1010 01 11 111110111 01 1010  
101 1010 01 00 1010  
101 1011 100 100 111110111 00 1010  
100 110 1010  
100 111 01 00 01 01 11011 10 01 10 1010  
110 10101 01 00 11111001 01 01 01 1010  
110 10001 11011 11 1111001 100 1010  
110 10010 11011 01 1010  
110 10010 11011 01 1010  
110 10100 111111110111 10 1010  
110 10000 1010  
110 10111 111110111 10 100 010 1010  
110 10001 111110111 01 1010  
101 1010 01 11 1010  
101 1000 01 01 1010  
101 1101 1011 1000 111110111 11 1010  
100 111 1010  
110 10010 01 01 1010  
110 10011 1010  
110 10011 1010  
110 10011 1010  
110 10010 1010  
110 10100 01 01 01 00 1010  
110 10111 1010  
101 1010 1010  
101 1010 01 01 111110111 11 1010  
110 10101 01 01 1010  
110 10100 01 11 1010  
101 1011 1010  
101 1111 1010  
101 1011 01 10 11011 10 1010  
101 1011 01 00 1010  
101 1000 01 11 1010  
101 1000 01 01 01 10 1010  
101 1011 01 00 11111001 11 111110111 10 1010  
100 111 01 11 11111001 01 01 10 1010  
101 1111 1011 0111 100 011 1010  
101 1110 1011 1000 100 100 11011 10 01 11 1111001 011 01 01 1010  
101 1111 01 01 1010  
110 10011 01 01 1010  
110 10110 1010  
110 10100 01 10 1010  
110 10001 1010  
110 10111 100 011 111111110101 011 1010  
110 10011 01 10 1010  
101 1101 100 101 111110111 01 1010  
100 111 1010  
101 1101 1011 1001 1111111000 01 1010  
101 1001 100 010 111111110101 100 1010  
110 10011 1010  
110 10011 1010  
110 10010 1010  
110 10010 1010  
110 10100 100 011 01 01 1010  
110 11000 1010  
110 11001 1010  
101 1010 1010  
101 1001 01 00 111111110101 100 1010  
110 10101 01 01 1010  
110 10100 01 11 1010  
101 1100 01 01 1010  
101 1101 100 100 111110111 01 1010  
101 1011 01 10 1010  
101 1101 01 00 111110111 10 1010  
101 1000 01 11 111110111 10 1010  
101 1000 01 00 1010  
101 1100 01 01 11011 01 100 011 01 01 1010  
101 1001 01 01 11011 10 100 101 01 10 111111110111 01 1010  
110 10001 01 11 100 100 1111001 010 100 001 0000111111110110 10 01 10 1010  
100 111 01 00 1010  
101 1111 01 01 1010  
110 10010 1010  
110 10100 1010  
110 10011 01 10 1010  
110 10000 1010  
110 10110 100 001 1010  
110 10010 1010  
101 1011 100 110 1010  
100 111 1111111000 01 1010  
101 1101 100 110 11111001 10 100 001 1010  
101 1101 100 000 111110111 01 1010  
110 10011 1010  
110 10011 1010  
110 10010 1010  
110 10010 1010  
110 11000 1010  
110 11001 1010  
110 11010 1010  
101 1010 1010  
101 1010 100 011 111110111 11 1010  
110 10101 1010  
110 10100 01 11 1010  
101 1011 1010  
101 1100 01 11 1111111000 01 1010  
101 1010 0000111111110110 10 1010  
101 1011 01 01 1010  
101 1011 100 101 11111110111 10 1010  
101 1000 01 10 01 01 111110111 01 1010  
101 1011 1111001 011 1111001 100 111110111 01 111110111 01 1010  
110 10000 100 001 1111110111 011 01 01 01 10 11111110111 01 1010  
101 1000 01 11 01 10 1111001 100 01 10 11011 10 1010  
101 1001 100 011 111110111 01 1010  
101 1111 1010  
110 10001 1010  
110 10011 1010  
110 10011 1010  
110 10000 11011 00 1010  
110 10100 01 00 01 01 11011 01 01 01 1010  
110 10001 01 10 1010  
100 111 111110111 10 01 10 1010  
101 1000 1010  
101 1101 1111111110010111 0110 1010  
110 10001 100 011 111110111 00 1010  
110 10011 1010  
110 10011 1010  
110 10010 1010  
110 10100 100 011 1010  
110 11001 1010  
110 11010 1010  
110 11010 1010  
101 1000 1010  
101 1011 100 010 111110111 10 1010  
110 10101 1010  
110 10100 01 11 111110111 01 1010  
101 1100 1010  
101 1100 100 100 111110111 10 01 01 1010  
101 1001 01 10 111110111 10 1010  
101 1010 1010  
101 1100 01 01 1010  
101 1100 01 00 100 011 1111001 100 01 11 11111001 10 1010  
110 10010 01 10 11111001 00 11111001 00 1111111000 10 1010  
101 1010 100 100 01 10 1111111000 00 1111111000 01 1010  
100 111 1010  
101 1001 01 00 1111111000 10 1010  
101 1111 01 01 1010  
110 10001 1010  
110 10001 111110111 01 1010  
110 10001 11011 10 1010  
110 10011 01 01 100 100 01 01 1010  
110 10100 1111001 101 01 01 1010  
101 1101 100 111 01 10 11111001 01 1010  
100 111 1010  
101 1000 1010  
101 1100 100 001 111111110101 010 1010  
110 10011 1010  
110 10011 1010  
110 10010 1010  
110 10010 1010  
110 10101 100 010 1010  
110 11010 1010  
110 11010 1010  
110 11010 1010  
100 111 1010  
101 1011 100 010 1010  
110 10101 01 01 1010  
110 10101 01 11 1010  
101 1101 1111111000 10 111111110111 01 1010  
101 1011 01 10 11111001 10 01 10 1010  
101 1000 01 01 1010  
101 1101 11011 01 111110111 01 1010  
101 1100 111110111 10 1010  
110 10010 100 011 0000111111110110 01 1010  
101 1110 100 101 01 10 11011 00 111111110111 11 01 10 1010  
100 110 1010  
100 111 1010  
101 1000 1010  
101 1100 01 00 1010  
110 10000 1010  
110 10001 1010  
110 10000 1010  
110 10010 11011 10 0000111111110110 01 1010  
110 10010 01 10 1010  
100 111 01 10 01 10 11011 10 01 10 1010  
100 111 1010  
101 1001 1010  
101 1101 1011 0111 111110111 01 01 10 1010  
110 10011 1010  
110 10011 1010  
110 10010 1010  
110 10001 1010  
110 10111 100 001 111110111 01 1010  
110 11010 1010  
110 11010 1010  
110 11010 1010  
100 110 1010  
101 1100 100 011 1010  
110 10101 01 01 1010  
110 10100 01 11 1010  
101 1011 11111110111 10 1010  
101 1001 1111111000 01 1010  
100 111 1010  
101 1101 11011 10 11111001 11 1010  
101 1110 1010  
101 1111 11011 11 1111001 010 1010  
100 111 1010  
100 111 1010  
100 110 1010  
100 111 1010  
101 1000 1010  
101 1100 01 00 01 11 1010  
110 10001 1010  
110 10011 1010  
110 10100 1010  
101 1101 100 111 01 10 1010  
100 111 1010  
101 1000 01 01 111110111 10 1010  
101 1010 1010  
101 1110 1011 0111 1111111000 10 1010  
110 10011 1010  
110 10011 1010  
110 10010 1010  
110 10001 1010  
110 11000 100 001 111111110101 011 1010  
110 11011 1010  
110 11010 1010  
110 11000 01 10 01 11 01 01 01 01 1010  
100 111 11011 01 1010  
101 1010 100 011 01 10 1010  
110 10100 01 01 1010  
110 10100 01 10 1010  
101 1101 11011 10 11111110111 01 1010  
100 111 01 01 111110111 01 1010  
100 111 1010  
101 1101 111110111 10 01 00 1010  
101 1101 1111111000 00 1010  
101 1111 11011 10 1010  
101 1010 100 101 01 00 11011 01 111110111 01 1010  
101 1000 1010  
100 110 1010  
100 111 1010  
101 1000 1010  
101 1101 01 01 01 00 01 01 1010  
110 10000 1010  
110 10010 1010  
110 10100 1010  
110 10011 01 11 1011 0111 01 01 01 11 1010  
101 1011 100 100 100 001 01 11 100 011 1010  
100 111 01 00 111110111 10 1010  
101 1011 1010  
101 1110 100 001 111110111 01 01 10 1010  
101 1111 1010  
101 1111 11011 10 1010  
110 10000 11011 11 1010  
101 1111 1010  
110 11001 01 01 111110111 01 1010  
110 11010 1010  
110 10010 100 111 100 111 11011 01 111110111 01 1010  
101 1000 111110111 10 111110111 10 1010  
110 10000 11011 01 11011 10 1010  
101 1010 01 10 01 01 11011 01 01 11 1010  
110 10100 01 00 111110111 01 1010  
110 10100 01 10 1010  
101 1100 100 111 11111001 01 11111001 00 1010  
100 111 01 00 11111001 01 1010  
101 1001 111110111 01 111110111 01 1010  
101 1001 01 00 111110111 10 1010  
101 1010 11011 10 1010  
101 1111 01 01 1010  
101 1100 111111110111 10 111111111000000 10 1010  
101 1000 1111111000 11 1010  
100 111 1010  
100 111 1010  
101 1000 1010  
101 1110 1010  
110 10001 1010  
110 10010 1010  
110 10100 01 01 1010  
110 10111 1010  
110 11001 1010  
110 10001 100 111 1011 0111 1111111000 11 100 011 1010  
101 1001 1010  
101 1110 100 001 111110111 00 1010  
110 10010 1010  
110 10001 1010  
101 1110 11011 01 1010  
101 1110 11011 01 1010  
110 11010 1010  
110 10011 1011 1001 100 100 11011 00 01 01 11111001 01 1010  
101 1010 11011 01 1010  
101 1011 1010  
101 1101 1011 0110 01 10 1010  
101 1101 1011 1000 111110111 10 01 01 1010  
110 10100 01 00 111110111 01 1010  
110 10101 01 10 1010  
101 1001 100 110 111110111 11 1010  
100 111 1010  
101 1000 1111111110010110 011 1010  
100 111 1010  
101 1010 111110111 10 1010  
101 1101 01 00 111110111 10 1010  
101 1101 100 100 111111110101 100 01 01 1010  
101 1010 100 110 111111110101 111 1010  
100 111 1010  
100 111 1010  
101 1011 01 11 111110111 00 1010  
101 1111 01 01 1010  
110 10001 1010  
110 10010 1010  
110 10100 1010  
110 10110 1010  
110 11000 1010  
110 11011 1010  
101 1100 1011 1010 100 011 1111001 011 100 101 111111110111 10 1010  
101 1111 100 001 111111110101 010 01 01 1010  
110 10010 1010  
110 10001 1010  
110 10000 1010  
110 10101 01 00 100 011 1010  
110 11010 1010  
101 1101 100 100 11111001 10 100 100 1010  
101 1101 1010  
101 1100 1010  
101 1011 1011 0101 111110111 11 1010  
101 1110 1011 1001 1111111000 01 1010  
110 10100 01 00 111110111 01 1010  
110 10101 01 10 1010  
101 1001 100 101 111110111 11 1010  
100 110 1010  
101 1001 1111111110010110 011 1010  
100 110 1010  
101 1000 1010  
101 1101 100 011 11111110111 11 1010  
101 1110 11011 11 01 01 11011 10 11111001 10 1010  
101 1010 01 10 11111001 10 11111110111 01 1010  
101 1000 1010  
101 1001 100 011 1010  
101 1101 100 100 1010  
101 1111 01 01 1010  
110 10001 1010  
110 10001 1010  
110 10011 1010  
110 10101 1010  
110 11000 1010  
110 11010 1010  
110 10100 1011 1100 01 01 11011 10 100 000 111111110111 01 1010  
110 10000 100 011 111110111 00 01 01 1010  
110 10010 1010  
110 10001 1010  
110 10001 01 00 111110111 11 1010  
110 11010 1010  
110 10110 100 110 01 10 11111001 01 1010  
101 1100 1010  
101 1101 1010  
101 1100 1010  
101 1001 1011 0111 111111110101 100 1010  
101 1111 1011 1000 1010  
110 10100 100 011 111110111 01 1010  
110 10101 01 10 1010  
101 1001 100 110 111110111 11 1010  
100 111 1010  
100 111 1010  
100 111 1010  
101 1000 01 01 1010  
101 1011 01 01 01 10 11011 01 111110111 10 1010  
101 1100 01 01 11111001 11 111110111 10 1010  
100 111 1010  
100 111 1010  
101 1100 100 011 1010  
101 1101 01 10 111110111 11 1010  
110 10001 1010  
110 10010 1010  
110 10001 1010  
110 10010 1010  
110 10100 1010  
110 10111 1010  
110 11001 1010  
110 11010 01 10 01 01 11011 10 01 01 11011 01 1010  
101 1111 11011 10 11011 01 11111001 01 1010  
110 10001 11011 10 1010  
110 10001 1010  
110 10010 1010  
110 11000 100 011 11111001 10 1010  
110 10001 100 111 01 10 11111001 10 1010  
101 1100 1010  
101 1100 1010  
101 1011 1010  
101 1010 100 010 01 01 11011 01 100 100 1010  
110 10001 100 111 111111110101 011 1010  
110 10011 100 011 111110111 01 1010  
110 10101 01 10 111110111 01 1010  
101 1001 100 100 1010  
100 110 1010  
100 111 1010  
100 111 1010  
100 111 1010  
101 1101 111111110101 100 01 01 1010  
101 1001 01 11 1010  
100 110 1010  
101 1000 01 00 01 01 1010  
101 1101 01 10 01 10 11011 01 01 01 1010  
101 1101 100 010 01 01 1111111000 10 1010  
110 10001 1010  
110 10010 1010  
110 10001 1010  
110 10010 1010  
110 10011 1010  
110 10101 1010  
110 11001 1010  
110 11010 1010  
101 1111 100 111 01 01 1111110111 110 1010  
101 1011 1010  
101 1001 11011 11 01 10 01 01 1010  
110 10011 100 011 11111001 11 100 010 11011 10 1010  
110 10111 111111110101 011 100 010 1010  
101 1010 01 10 01 10 11011 10 01 10 1010  
101 1011 1010  
101 1100 1010  
101 1001 01 11 1010  
101 1100 100 011 01 10 1010  
110 10011 100 101 111111110101 011 1010  
110 10011 100 010 111110111 01 1010  
110 10101 01 11 111110111 00 1010  
101 1000 01 11 111110111 10 1010  
100 110 1010  
100 111 1111111000 10 1010  
101 1000 11011 01 11111001 01 1010  
101 1000 1010  
101 1011 01 00 111110111 10 1010  
101 1000 100 100 111110111 10 1010  
100 110 1010  
101 1010 01 01 0000111111110110 01 1010  
101 1100 11011 00 11111110111 10 1010  
110 10000 1010  
110 10001 1010  
110 10010 1010  
110 10010 1010  
110 10010 1010  
110 10010 1010  
110 10100 1010  
110 10111 1010  
110 11010 1010  
110 10100 1011 1010 1111111000 01 01 10 1010  
101 1101 1010  
101 1011 11011 01 1010  
110 10010 100 010 01 11 01 01 01 00 100 011 1010  
101 1100 100 100 01 11 01 10 100 100 1010  
101 1010 01 01 01 01 1010  
101 1010 1010  
101 1101 1010  
101 1001 1010  
101 1000 01 01 1010  
110 10110 01 10 01 01 11111001 00 1010  
110 10011 100 010 111110111 01 1010  
110 10100 100 100 111110111 00 1010  
100 111 1010  
100 111 1010  
101 1001 01 01 1010  
101 1001 01 00 11111001 01 1010  
101 1001 11111110111 10 01 01 1111111000 01 1010  
101 1001 11011 10 1010  
101 1001 01 11 1010  
101 1001 01 00 01 01 1010  
101 1110 1010  
110 10000 1010  
110 10000 1010  
110 10001 1010  
110 10001 1010  
110 10010 1010  
110 10010 1010  
110 10010 1010  
110 10100 1010  
110 10110 1010  
110 11001 1010  
110 10111 100 110 01 01 11011 10 100 010 01 10 1010  
101 1100 1010  
101 1111 1010  
101 1110 11011 01 1010  
101 1100 01 10 1010  
101 1011 1010  
101 1100 01 00 01 01 1010  
101 1011 100 100 01 10 1010  
101 1000 111110111 10 1010  
